Coordinates: 38.063333 , -122.822695


ORTHOIMEGERY
Coordinates: 37.8516645925578 , -120.746634306025

